-1.500000 0.125000
-1.490000 0.127500
-1.480000 0.130000
-1.470000 0.132500
-1.460000 0.135000
-1.450000 0.137500
-1.440000 0.140000
-1.430000 0.142500
-1.420000 0.145000
-1.410000 0.147500
-1.400000 0.150000
-1.390000 0.152500
-1.380000 0.155000
-1.370000 0.157500
-1.360000 0.160000
-1.350000 0.162500
-1.340000 0.165000
-1.330000 0.167500
-1.320000 0.170000
-1.310000 0.172500
-1.300000 0.175000
-1.290000 0.177500
-1.280000 0.180000
-1.270000 0.182500
-1.260000 0.185000
-1.250000 0.187500
-1.240000 0.190000
-1.230000 0.192500
-1.220000 0.195000
-1.210000 0.197500
-1.200000 0.200000
-1.190000 0.202500
-1.180000 0.205000
-1.170000 0.207500
-1.160000 0.210000
-1.150000 0.212500
-1.140000 0.215000
-1.130000 0.217500
-1.120000 0.220000
-1.110000 0.222500
-1.100000 0.225000
-1.090000 0.227500
-1.080000 0.230000
-1.070000 0.232500
-1.060000 0.235000
-1.050000 0.237500
-1.040000 0.240000
-1.030000 0.242500
-1.020000 0.245000
-1.010000 0.247500
-1.000000 0.250000
-0.990000 0.247500
-0.980000 0.245000
-0.970000 0.242500
-0.960000 0.240000
-0.950000 0.237500
-0.940000 0.235000
-0.930000 0.232500
-0.920000 0.230000
-0.910000 0.227500
-0.900000 0.225000
-0.890000 0.222500
-0.880000 0.220000
-0.870000 0.217500
-0.860000 0.215000
-0.850000 0.212500
-0.840000 0.210000
-0.830000 0.207500
-0.820000 0.205000
-0.810000 0.202500
-0.800000 0.200000
-0.790000 0.197500
-0.780000 0.195000
-0.770000 0.192500
-0.760000 0.190000
-0.750000 0.187500
-0.740000 0.185000
-0.730000 0.182500
-0.720000 0.180000
-0.710000 0.177500
-0.700000 0.175000
-0.690000 0.172500
-0.680000 0.170000
-0.670000 0.167500
-0.660000 0.165000
-0.650000 0.162500
-0.640000 0.160000
-0.630000 0.157500
-0.620000 0.155000
-0.610000 0.152500
-0.600000 0.150000
-0.590000 0.147500
-0.580000 0.145000
-0.570000 0.142500
-0.560000 0.140000
-0.550000 0.137500
-0.540000 0.135000
-0.530000 0.132500
-0.520000 0.130000
-0.510000 0.127500
-0.500000 0.125000
-0.490000 0.122500
-0.480000 0.120000
-0.470000 0.117500
-0.460000 0.115000
-0.450000 0.112500
-0.440000 0.110000
-0.430000 0.107500
-0.420000 0.105000
-0.410000 0.102500
-0.400000 0.100000
-0.390000 0.097500
-0.380000 0.095000
-0.370000 0.092500
-0.360000 0.090000
-0.350000 0.087500
-0.340000 0.085000
-0.330000 0.082500
-0.320000 0.080000
-0.310000 0.077500
-0.300000 0.075000
-0.290000 0.072500
-0.280000 0.070000
-0.270000 0.067500
-0.260000 0.065000
-0.250000 0.062500
-0.240000 0.060000
-0.230000 0.057500
-0.220000 0.055000
-0.210000 0.052500
-0.200000 0.050000
-0.190000 0.047500
-0.180000 0.045000
-0.170000 0.042500
-0.160000 0.040000
-0.150000 0.037500
-0.140000 0.035000
-0.130000 0.032500
-0.120000 0.030000
-0.110000 0.027500
-0.100000 0.025000
-0.090000 0.022500
-0.080000 0.020000
-0.070000 0.017500
-0.060000 0.015000
-0.050000 0.012500
-0.040000 0.010000
-0.030000 0.007500
-0.020000 0.005000
-0.010000 0.002500
0.000000 -0.000000
0.010000 -0.002500
0.020000 -0.005000
0.030000 -0.007500
0.040000 -0.010000
0.050000 -0.012500
0.060000 -0.015000
0.070000 -0.017500
0.080000 -0.020000
0.090000 -0.022500
0.100000 -0.025000
0.110000 -0.027500
0.120000 -0.030000
0.130000 -0.032500
0.140000 -0.035000
0.150000 -0.037500
0.160000 -0.040000
0.170000 -0.042500
0.180000 -0.045000
0.190000 -0.047500
0.200000 -0.050000
0.210000 -0.052500
0.220000 -0.055000
0.230000 -0.057500
0.240000 -0.060000
0.250000 -0.062500
0.260000 -0.065000
0.270000 -0.067500
0.280000 -0.070000
0.290000 -0.072500
0.300000 -0.075000
0.310000 -0.077500
0.320000 -0.080000
0.330000 -0.082500
0.340000 -0.085000
0.350000 -0.087500
0.360000 -0.090000
0.370000 -0.092500
0.380000 -0.095000
0.390000 -0.097500
0.400000 -0.100000
0.410000 -0.102500
0.420000 -0.105000
0.430000 -0.107500
0.440000 -0.110000
0.450000 -0.112500
0.460000 -0.115000
0.470000 -0.117500
0.480000 -0.120000
0.490000 -0.122500
0.500000 -0.125000
0.510000 -0.127500
0.520000 -0.130000
0.530000 -0.132500
0.540000 -0.135000
0.550000 -0.137500
0.560000 -0.140000
0.570000 -0.142500
0.580000 -0.145000
0.590000 -0.147500
0.600000 -0.150000
0.610000 -0.152500
0.620000 -0.155000
0.630000 -0.157500
0.640000 -0.160000
0.650000 -0.162500
0.660000 -0.165000
0.670000 -0.167500
0.680000 -0.170000
0.690000 -0.172500
0.700000 -0.175000
0.710000 -0.177500
0.720000 -0.180000
0.730000 -0.182500
0.740000 -0.185000
0.750000 -0.187500
0.760000 -0.190000
0.770000 -0.192500
0.780000 -0.195000
0.790000 -0.197500
0.800000 -0.200000
0.810000 -0.202500
0.820000 -0.205000
0.830000 -0.207500
0.840000 -0.210000
0.850000 -0.212500
0.860000 -0.215000
0.870000 -0.217500
0.880000 -0.220000
0.890000 -0.222500
0.900000 -0.225000
0.910000 -0.227500
0.920000 -0.230000
0.930000 -0.232500
0.940000 -0.235000
0.950000 -0.237500
0.960000 -0.240000
0.970000 -0.242500
0.980000 -0.245000
0.990000 -0.247500
1.000000 -0.250000
1.010000 -0.252500
1.020000 -0.255000
1.030000 -0.257500
1.040000 -0.260000
1.050000 -0.262500
1.060000 -0.265000
1.070000 -0.267500
1.080000 -0.270000
1.090000 -0.272500
1.100000 -0.275000
1.110000 -0.277500
1.120000 -0.280000
1.130000 -0.282500
1.140000 -0.285000
1.150000 -0.287500
1.160000 -0.290000
1.170000 -0.292500
1.180000 -0.295000
1.190000 -0.297500
1.200000 -0.300000
1.210000 -0.302500
1.220000 -0.305000
1.230000 -0.307500
1.240000 -0.310000
1.250000 -0.312500
1.260000 -0.315000
1.270000 -0.317500
1.280000 -0.320000
1.290000 -0.322500
1.300000 -0.325000
1.310000 -0.327500
1.320000 -0.330000
1.330000 -0.332500
1.340000 -0.335000
1.350000 -0.337500
1.360000 -0.340000
1.370000 -0.342500
1.380000 -0.345000
1.390000 -0.347500
1.400000 -0.350000
1.410000 -0.352500
1.420000 -0.355000
1.430000 -0.357500
1.440000 -0.360000
1.450000 -0.362500
1.460000 -0.365000
1.470000 -0.367500
1.480000 -0.370000
1.490000 -0.372500
1.500000 -0.375000
