-2.000000 -6.000000
-1.990000 -5.970000
-1.980000 -5.940000
-1.970000 -5.910000
-1.960000 -5.880000
-1.950000 -5.850000
-1.940000 -5.820000
-1.930000 -5.790000
-1.920000 -5.760000
-1.910000 -5.730000
-1.900000 -5.700000
-1.890000 -5.670000
-1.880000 -5.640000
-1.870000 -5.610000
-1.860000 -5.580000
-1.850000 -5.550000
-1.840000 -5.520000
-1.830000 -5.490000
-1.820000 -5.460000
-1.810000 -5.430000
-1.800000 -5.400000
-1.790000 -5.370000
-1.780000 -5.340000
-1.770000 -5.310000
-1.760000 -5.280000
-1.750000 -5.250000
-1.740000 -5.220000
-1.730000 -5.190000
-1.720000 -5.160000
-1.710000 -5.130000
-1.700000 -5.100000
-1.690000 -5.070000
-1.680000 -5.040000
-1.670000 -5.010000
-1.660000 -4.980000
-1.650000 -4.950000
-1.640000 -4.920000
-1.630000 -4.890000
-1.620000 -4.860000
-1.610000 -4.830000
-1.600000 -4.800000
-1.590000 -4.770000
-1.580000 -4.740000
-1.570000 -4.710000
-1.560000 -4.680000
-1.550000 -4.650000
-1.540000 -4.620000
-1.530000 -4.590000
-1.520000 -4.560000
-1.510000 -4.530000
-1.500000 -4.500000
-1.490000 -4.470000
-1.480000 -4.440000
-1.470000 -4.410000
-1.460000 -4.380000
-1.450000 -4.350000
-1.440000 -4.320000
-1.430000 -4.290000
-1.420000 -4.260000
-1.410000 -4.230000
-1.400000 -4.200000
-1.390000 -4.170000
-1.380000 -4.140000
-1.370000 -4.110000
-1.360000 -4.080000
-1.350000 -4.050000
-1.340000 -4.020000
-1.330000 -3.990000
-1.320000 -3.960000
-1.310000 -3.930000
-1.300000 -3.900000
-1.290000 -3.870000
-1.280000 -3.840000
-1.270000 -3.810000
-1.260000 -3.780000
-1.250000 -3.750000
-1.240000 -3.720000
-1.230000 -3.690000
-1.220000 -3.660000
-1.210000 -3.630000
-1.200000 -3.600000
-1.190000 -3.570000
-1.180000 -3.540000
-1.170000 -3.510000
-1.160000 -3.480000
-1.150000 -3.449999
-1.140000 -3.420000
-1.130000 -3.389999
-1.120000 -3.359999
-1.110000 -3.329997
-1.100000 -3.299995
-1.090000 -3.269973
-1.080000 -3.239970
-1.070000 -3.209913
-1.060000 -3.179933
-1.050000 -3.149907
-1.040000 -3.119254
-1.030000 -3.089705
-1.020000 -3.059353
-1.010000 -3.029126
-1.000000 -3.000000
-0.990000 -2.999788
-0.980000 -3.001139
-0.970000 -3.005167
-0.960000 -3.008088
-0.950000 -3.013420
-0.940000 -3.005441
-0.930000 -3.011624
-0.920000 -3.025039
-0.910000 -3.027396
-0.900000 -3.034788
-0.890000 -3.038996
-0.880000 -3.044361
-0.870000 -3.047260
-0.860000 -3.054605
-0.850000 -3.052709
-0.840000 -3.066001
-0.830000 -3.058675
-0.820000 -3.078804
-0.810000 -3.073156
-0.800000 -3.090195
-0.790000 -3.097679
-0.780000 -3.102894
-0.770000 -3.110700
-0.760000 -3.115988
-0.750000 -3.119397
-0.740000 -3.130872
-0.730000 -3.134329
-0.720000 -3.144846
-0.710000 -3.151681
-0.700000 -3.158930
-0.690000 -3.166401
-0.680000 -3.173739
-0.670000 -3.181087
-0.660000 -3.188965
-0.650000 -3.196425
-0.640000 -3.204456
-0.630000 -3.211407
-0.620000 -3.220296
-0.610000 -3.228101
-0.600000 -3.236494
-0.590000 -3.244696
-0.580000 -3.250328
-0.570000 -3.261464
-0.560000 -3.269960
-0.550000 -3.278539
-0.540000 -3.287205
-0.530000 -3.295951
-0.520000 -3.304783
-0.510000 -3.313698
-0.500000 -3.322693
-0.490000 -3.331765
-0.480000 -3.340917
-0.470000 -3.350148
-0.460000 -3.359468
-0.450000 -3.368857
-0.440000 -3.378310
-0.430000 -3.387867
-0.420000 -3.397485
-0.410000 -3.407179
-0.400000 -3.416947
-0.390000 -3.426789
-0.380000 -3.436706
-0.370000 -3.446694
-0.360000 -3.456756
-0.350000 -3.466889
-0.340000 -3.477093
-0.330000 -3.487368
-0.320000 -3.497715
-0.310000 -3.508130
-0.300000 -3.518616
-0.290000 -3.529171
-0.280000 -3.539794
-0.270000 -3.550485
-0.260000 -3.561245
-0.250000 -3.572072
-0.240000 -3.582966
-0.230000 -3.593927
-0.220000 -3.604954
-0.210000 -3.616047
-0.200000 -3.627206
-0.190000 -3.638430
-0.180000 -3.649720
-0.170000 -3.661074
-0.160000 -3.672492
-0.150000 -3.683974
-0.140000 -3.695520
-0.130000 -3.707130
-0.120000 -3.718802
-0.110000 -3.730538
-0.100000 -3.742336
-0.090000 -3.754196
-0.080000 -3.766119
-0.070000 -3.778103
-0.060000 -3.790149
-0.050000 -3.802256
-0.040000 -3.814424
-0.030000 -3.826653
-0.020000 -3.838943
-0.010000 -3.851293
0.000000 -3.863703
0.010000 -3.876173
0.020000 -3.888703
0.030000 -3.901293
0.040000 -3.913941
0.050000 -3.926649
0.060000 -3.939416
0.070000 -3.952241
0.080000 -3.965125
0.090000 -3.978068
0.100000 -3.991068
0.110000 -4.004127
0.120000 -4.017243
0.130000 -4.030417
0.140000 -4.043649
0.150000 -4.056938
0.160000 -4.070285
0.170000 -4.083688
0.180000 -4.097149
0.190000 -4.110666
0.200000 -4.124240
0.210000 -4.137870
0.220000 -4.151557
0.230000 -4.165300
0.240000 -4.179099
0.250000 -4.192955
0.260000 -4.206866
0.270000 -4.220833
0.280000 -4.234856
0.290000 -4.248934
0.300000 -4.263068
0.310000 -4.277258
0.320000 -4.291502
0.330000 -4.305802
0.340000 -4.320157
0.350000 -4.334567
0.360000 -4.349032
0.370000 -4.363552
0.380000 -4.378126
0.390000 -4.392756
0.400000 -4.407440
0.410000 -4.422178
0.420000 -4.436972
0.430000 -4.451819
0.440000 -4.466721
0.450000 -4.481677
0.460000 -4.496688
0.470000 -4.511753
0.480000 -4.526872
0.490000 -4.542045
0.500000 -4.557272
0.510000 -4.572554
0.520000 -4.587889
0.530000 -4.603279
0.540000 -4.618722
0.550000 -4.634219
0.560000 -4.649770
0.570000 -4.665375
0.580000 -4.681034
0.590000 -4.696747
0.600000 -4.712513
0.610000 -4.728334
0.620000 -4.744208
0.630000 -4.760136
0.640000 -4.776117
0.650000 -4.792153
0.660000 -4.808242
0.670000 -4.824385
0.680000 -4.840582
0.690000 -4.856832
0.700000 -4.873137
0.710000 -4.889495
0.720000 -4.905907
0.730000 -4.922372
0.740000 -4.938892
0.750000 -4.955465
0.760000 -4.972093
0.770000 -4.988774
0.780000 -5.005509
0.790000 -5.022298
0.800000 -5.039141
0.810000 -5.056038
0.820000 -5.072989
0.830000 -5.089994
0.840000 -5.107053
0.850000 -5.124166
0.860000 -5.141334
0.870000 -5.158556
0.880000 -5.175832
0.890000 -5.193162
0.900000 -5.210546
0.910000 -5.227985
0.920000 -5.245479
0.930000 -5.263027
0.940000 -5.280629
0.950000 -5.298286
0.960000 -5.315997
0.970000 -5.333764
0.980000 -5.351585
0.990000 -5.369460
1.000000 -5.387391
1.010000 -5.405376
1.020000 -5.423417
1.030000 -5.441512
1.040000 -5.459662
1.050000 -5.477868
1.060000 -5.496128
1.070000 -5.514444
1.080000 -5.532815
1.090000 -5.551242
1.100000 -5.569723
1.110000 -5.588261
1.120000 -5.606853
1.130000 -5.625501
1.140000 -5.644205
1.150000 -5.662964
1.160000 -5.681779
1.170000 -5.700650
1.180000 -5.719577
1.190000 -5.738559
1.200000 -5.757597
1.210000 -5.776691
1.220000 -5.795841
1.230000 -5.815047
1.240000 -5.834309
1.250000 -5.853627
1.260000 -5.873001
1.270000 -5.892432
1.280000 -5.911918
1.290000 -5.931461
1.300000 -5.951060
1.310000 -5.970715
1.320000 -5.990426
1.330000 -6.010194
1.340000 -6.030018
1.350000 -6.049898
1.360000 -6.069834
1.370000 -6.089827
1.380000 -6.109876
1.390000 -6.129982
1.400000 -6.150143
1.410000 -6.170362
1.420000 -6.190636
1.430000 -6.210966
1.440000 -6.231353
1.450000 -6.251796
1.460000 -6.272296
1.470000 -6.292851
1.480000 -6.313463
1.490000 -6.334130
1.500000 -6.354854
1.510000 -6.375633
1.520000 -6.396469
1.530000 -6.417361
1.540000 -6.438308
1.550000 -6.459311
1.560000 -6.480370
1.570000 -6.501484
1.580000 -6.522654
1.590000 -6.543879
1.600000 -6.565160
1.610000 -6.586496
1.620000 -6.607887
1.630000 -6.629333
1.640000 -6.650834
1.650000 -6.672389
1.660000 -6.694000
1.670000 -6.715665
1.680000 -6.737384
1.690000 -6.759158
1.700000 -6.780986
1.710000 -6.802868
1.720000 -6.824804
1.730000 -6.846793
1.740000 -6.868836
1.750000 -6.890932
1.760000 -6.913082
1.770000 -6.935285
1.780000 -6.957540
1.790000 -6.979848
1.800000 -7.002209
1.810000 -7.024622
1.820000 -7.047087
1.830000 -7.069604
1.840000 -7.092173
1.850000 -7.114793
1.860000 -7.137464
1.870000 -7.160187
1.880000 -7.182960
1.890000 -7.205784
1.900000 -7.228658
1.910000 -7.251582
1.920000 -7.274557
1.930000 -7.297581
1.940000 -7.320654
1.950000 -7.343776
1.960000 -7.366948
1.970000 -7.390168
1.980000 -7.413436
1.990000 -7.436753
2.000000 -7.460117
