-1.500000 -5.250000
-1.490000 -5.215000
-1.480000 -5.180000
-1.470000 -5.145000
-1.460000 -5.110000
-1.450000 -5.075000
-1.440000 -5.040000
-1.430000 -5.005000
-1.420000 -4.970000
-1.410000 -4.935000
-1.400000 -4.900000
-1.390000 -4.865000
-1.380000 -4.830000
-1.370000 -4.795000
-1.360000 -4.760000
-1.350000 -4.725000
-1.340000 -4.690000
-1.330000 -4.655000
-1.320000 -4.620000
-1.310000 -4.585000
-1.300000 -4.550000
-1.290000 -4.515000
-1.280000 -4.480000
-1.270000 -4.445000
-1.260000 -4.410000
-1.250000 -4.375000
-1.240000 -4.340000
-1.230000 -4.305000
-1.220000 -4.270000
-1.210000 -4.234999
-1.200000 -4.199999
-1.190000 -4.165000
-1.180000 -4.129999
-1.170000 -4.094998
-1.160000 -4.059995
-1.150000 -4.024975
-1.140000 -3.989995
-1.130000 -3.954977
-1.120000 -3.919980
-1.110000 -3.884981
-1.100000 -3.849975
-1.090000 -3.814876
-1.080000 -3.779983
-1.070000 -3.744456
-1.060000 -3.709675
-1.050000 -3.674731
-1.040000 -3.639032
-1.030000 -3.603597
-1.020000 -3.566893
-1.010000 -3.529323
-1.000000 -3.499981
-0.990000 -3.493420
-0.980000 -3.498225
-0.970000 -3.504064
-0.960000 -3.507858
-0.950000 -3.509416
-0.940000 -3.514851
-0.930000 -3.519281
-0.920000 -3.523652
-0.910000 -3.526218
-0.900000 -3.527014
-0.890000 -3.542094
-0.880000 -3.545462
-0.870000 -3.548579
-0.860000 -3.551132
-0.850000 -3.562199
-0.840000 -3.571949
-0.830000 -3.570105
-0.820000 -3.586177
-0.810000 -3.584517
-0.800000 -3.593741
-0.790000 -3.605900
-0.780000 -3.603655
-0.770000 -3.605931
-0.760000 -3.628151
-0.750000 -3.633184
-0.740000 -3.638617
-0.730000 -3.648622
-0.720000 -3.652724
-0.710000 -3.665889
-0.700000 -3.667125
-0.690000 -3.663642
-0.680000 -3.679616
-0.670000 -3.683366
-0.660000 -3.688372
-0.650000 -3.718679
-0.640000 -3.716941
-0.630000 -3.738776
-0.620000 -3.737955
-0.610000 -3.757198
-0.600000 -3.761923
-0.590000 -3.775875
-0.580000 -3.786871
-0.570000 -3.795760
-0.560000 -3.805971
-0.550000 -3.814771
-0.540000 -3.826585
-0.530000 -3.836622
-0.520000 -3.846607
-0.510000 -3.857054
-0.500000 -3.866873
-0.490000 -3.877926
-0.480000 -3.888533
-0.470000 -3.899245
-0.460000 -3.910008
-0.450000 -3.917919
-0.440000 -3.931744
-0.430000 -3.942826
-0.420000 -3.953870
-0.410000 -3.965227
-0.400000 -3.976469
-0.390000 -3.987897
-0.380000 -3.999361
-0.370000 -4.010883
-0.360000 -4.022551
-0.350000 -4.034279
-0.340000 -4.045187
-0.330000 -4.057978
-0.320000 -4.069949
-0.310000 -4.081989
-0.300000 -4.094137
-0.290000 -4.106343
-0.280000 -4.118615
-0.270000 -4.131026
-0.260000 -4.143479
-0.250000 -4.156017
-0.240000 -4.168630
-0.230000 -4.181323
-0.220000 -4.194093
-0.210000 -4.206940
-0.200000 -4.219864
-0.190000 -4.232865
-0.180000 -4.245943
-0.170000 -4.259094
-0.160000 -4.272324
-0.150000 -4.285627
-0.140000 -4.299005
-0.130000 -4.312458
-0.120000 -4.325983
-0.110000 -4.339585
-0.100000 -4.353258
-0.090000 -4.367005
-0.080000 -4.380824
-0.070000 -4.394715
-0.060000 -4.408679
-0.050000 -4.422714
-0.040000 -4.436821
-0.030000 -4.451000
-0.020000 -4.465249
-0.010000 -4.479569
0.000000 -4.493959
0.010000 -4.508420
0.020000 -4.522950
0.030000 -4.537550
0.040000 -4.552220
0.050000 -4.566959
0.060000 -4.581766
0.070000 -4.596643
0.080000 -4.611588
0.090000 -4.626602
0.100000 -4.641683
0.110000 -4.656832
0.120000 -4.672050
0.130000 -4.687334
0.140000 -4.702687
0.150000 -4.718106
0.160000 -4.733592
0.170000 -4.749145
0.180000 -4.764765
0.190000 -4.780451
0.200000 -4.796203
0.210000 -4.812022
0.220000 -4.827906
0.230000 -4.843856
0.240000 -4.859872
0.250000 -4.875954
0.260000 -4.892101
0.270000 -4.908313
0.280000 -4.924591
0.290000 -4.940933
0.300000 -4.957340
0.310000 -4.973812
0.320000 -4.990349
0.330000 -5.006951
0.340000 -5.023616
0.350000 -5.040346
0.360000 -5.057141
0.370000 -5.073999
0.380000 -5.090922
0.390000 -5.107908
0.400000 -5.124959
0.410000 -5.142073
0.420000 -5.159251
0.430000 -5.176492
0.440000 -5.193797
0.450000 -5.211166
0.460000 -5.228598
0.470000 -5.246093
0.480000 -5.263652
0.490000 -5.281273
0.500000 -5.298958
0.510000 -5.316707
0.520000 -5.334518
0.530000 -5.352392
0.540000 -5.370330
0.550000 -5.388330
0.560000 -5.406393
0.570000 -5.424520
0.580000 -5.442709
0.590000 -5.460961
0.600000 -5.479276
0.610000 -5.497654
0.620000 -5.516094
0.630000 -5.534597
0.640000 -5.553164
0.650000 -5.571792
0.660000 -5.590484
0.670000 -5.609239
0.680000 -5.628056
0.690000 -5.646936
0.700000 -5.665879
0.710000 -5.684885
0.720000 -5.703954
0.730000 -5.723085
0.740000 -5.742280
0.750000 -5.761537
0.760000 -5.780857
0.770000 -5.800241
0.780000 -5.819687
0.790000 -5.839196
0.800000 -5.858769
0.810000 -5.878404
0.820000 -5.898103
0.830000 -5.917865
0.840000 -5.937690
0.850000 -5.957579
0.860000 -5.977531
0.870000 -5.997544
0.880000 -6.017625
0.890000 -6.037768
0.900000 -6.057974
0.910000 -6.078244
0.920000 -6.098577
0.930000 -6.118974
0.940000 -6.139436
0.950000 -6.159961
0.960000 -6.180550
0.970000 -6.201204
0.980000 -6.221921
0.990000 -6.242703
1.000000 -6.263550
1.010000 -6.284460
1.020000 -6.305436
1.030000 -6.326475
1.040000 -6.347580
1.050000 -6.368749
1.060000 -6.389984
1.070000 -6.411283
1.080000 -6.432647
1.090000 -6.454077
1.100000 -6.475572
1.110000 -6.497132
1.120000 -6.518757
1.130000 -6.540448
1.140000 -6.562205
1.150000 -6.584028
1.160000 -6.605916
1.170000 -6.627870
1.180000 -6.649890
1.190000 -6.671976
1.200000 -6.694128
1.210000 -6.716347
1.220000 -6.738632
1.230000 -6.760983
1.240000 -6.783401
1.250000 -6.805885
1.260000 -6.828436
1.270000 -6.851054
1.280000 -6.873738
1.290000 -6.896490
1.300000 -6.919308
1.310000 -6.942193
1.320000 -6.965146
1.330000 -6.988165
1.340000 -7.011252
1.350000 -7.034406
1.360000 -7.057627
1.370000 -7.080915
1.380000 -7.104271
1.390000 -7.127694
1.400000 -7.151185
1.410000 -7.174743
1.420000 -7.198369
1.430000 -7.222062
1.440000 -7.245822
1.450000 -7.269650
1.460000 -7.293545
1.470000 -7.317509
1.480000 -7.341208
1.490000 -7.365637
1.500000 -7.389802
