-1.500000 -4.500000
-1.490000 -4.470000
-1.480000 -4.440000
-1.470000 -4.410000
-1.460000 -4.380000
-1.450000 -4.350000
-1.440000 -4.320000
-1.430000 -4.290000
-1.420000 -4.260000
-1.410000 -4.230000
-1.400000 -4.200000
-1.390000 -4.170000
-1.380000 -4.140000
-1.370000 -4.110000
-1.360000 -4.080000
-1.350000 -4.050000
-1.340000 -4.020000
-1.330000 -3.990000
-1.320000 -3.960000
-1.310000 -3.930000
-1.300000 -3.900000
-1.290000 -3.870000
-1.280000 -3.840000
-1.270000 -3.810000
-1.260000 -3.780000
-1.250000 -3.750000
-1.240000 -3.720000
-1.230000 -3.690000
-1.220000 -3.660000
-1.210000 -3.630000
-1.200000 -3.600000
-1.190000 -3.570000
-1.180000 -3.540000
-1.170000 -3.510000
-1.160000 -3.480000
-1.150000 -3.450000
-1.140000 -3.419999
-1.130000 -3.389999
-1.120000 -3.359999
-1.110000 -3.329997
-1.100000 -3.299994
-1.090000 -3.269984
-1.080000 -3.239961
-1.070000 -3.209974
-1.060000 -3.179929
-1.050000 -3.149817
-1.040000 -3.119143
-1.030000 -3.089465
-1.020000 -3.058340
-1.010000 -3.029263
-1.000000 -3.000000
-0.990000 -2.999666
-0.980000 -2.998785
-0.970000 -3.006225
-0.960000 -3.004500
-0.950000 -3.007911
-0.940000 -3.017468
-0.930000 -3.018359
-0.920000 -3.026088
-0.910000 -3.027407
-0.900000 -3.035597
-0.890000 -3.040931
-0.880000 -3.037392
-0.870000 -3.045058
-0.860000 -3.053874
-0.850000 -3.056091
-0.840000 -3.056958
-0.830000 -3.061248
-0.820000 -3.074116
-0.810000 -3.068255
-0.800000 -3.083878
-0.790000 -3.077584
-0.780000 -3.100030
-0.770000 -3.093268
-0.760000 -3.116090
-0.750000 -3.122078
-0.740000 -3.129865
-0.730000 -3.137874
-0.720000 -3.143710
-0.710000 -3.151680
-0.700000 -3.152511
-0.690000 -3.163653
-0.680000 -3.173852
-0.670000 -3.180943
-0.660000 -3.188986
-0.650000 -3.196579
-0.640000 -3.204449
-0.630000 -3.212302
-0.620000 -3.220279
-0.610000 -3.228287
-0.600000 -3.236451
-0.590000 -3.244721
-0.580000 -3.253056
-0.570000 -3.261455
-0.560000 -3.269957
-0.550000 -3.278539
-0.540000 -3.287206
-0.530000 -3.295955
-0.520000 -3.304785
-0.510000 -3.313566
-0.500000 -3.322692
-0.490000 -3.331768
-0.480000 -3.340919
-0.470000 -3.350156
-0.460000 -3.359468
-0.450000 -3.368014
-0.440000 -3.378323
-0.430000 -3.387866
-0.420000 -3.397485
-0.410000 -3.407179
-0.400000 -3.416947
-0.390000 -3.426789
-0.380000 -3.436705
-0.370000 -3.446694
-0.360000 -3.456755
-0.350000 -3.466889
-0.340000 -3.477093
-0.330000 -3.487368
-0.320000 -3.497714
-0.310000 -3.508130
-0.300000 -3.518616
-0.290000 -3.529171
-0.280000 -3.539794
-0.270000 -3.550485
-0.260000 -3.561245
-0.250000 -3.572072
-0.240000 -3.582966
-0.230000 -3.593927
-0.220000 -3.604954
-0.210000 -3.616047
-0.200000 -3.627206
-0.190000 -3.638430
-0.180000 -3.649720
-0.170000 -3.661074
-0.160000 -3.672492
-0.150000 -3.683974
-0.140000 -3.695520
-0.130000 -3.707130
-0.120000 -3.718802
-0.110000 -3.730538
-0.100000 -3.742336
-0.090000 -3.754196
-0.080000 -3.766119
-0.070000 -3.778103
-0.060000 -3.790149
-0.050000 -3.802256
-0.040000 -3.814424
-0.030000 -3.826653
-0.020000 -3.838943
-0.010000 -3.851293
0.000000 -3.863703
0.010000 -3.876173
0.020000 -3.888703
0.030000 -3.901293
0.040000 -3.913941
0.050000 -3.926649
0.060000 -3.939416
0.070000 -3.952241
0.080000 -3.965125
0.090000 -3.978068
0.100000 -3.991068
0.110000 -4.004127
0.120000 -4.017243
0.130000 -4.030417
0.140000 -4.043649
0.150000 -4.056938
0.160000 -4.070285
0.170000 -4.083688
0.180000 -4.097149
0.190000 -4.110666
0.200000 -4.124240
0.210000 -4.137870
0.220000 -4.151557
0.230000 -4.165300
0.240000 -4.179099
0.250000 -4.192955
0.260000 -4.206866
0.270000 -4.220833
0.280000 -4.234856
0.290000 -4.248934
0.300000 -4.263068
0.310000 -4.277258
0.320000 -4.291502
0.330000 -4.305802
0.340000 -4.320157
0.350000 -4.334567
0.360000 -4.349032
0.370000 -4.363552
0.380000 -4.378126
0.390000 -4.392756
0.400000 -4.407440
0.410000 -4.422178
0.420000 -4.436972
0.430000 -4.451819
0.440000 -4.466721
0.450000 -4.481677
0.460000 -4.496688
0.470000 -4.511753
0.480000 -4.526872
0.490000 -4.542045
0.500000 -4.557272
0.510000 -4.572554
0.520000 -4.587889
0.530000 -4.603279
0.540000 -4.618722
0.550000 -4.634219
0.560000 -4.649770
0.570000 -4.665375
0.580000 -4.681034
0.590000 -4.696747
0.600000 -4.712513
0.610000 -4.728334
0.620000 -4.744208
0.630000 -4.760136
0.640000 -4.776117
0.650000 -4.792153
0.660000 -4.808242
0.670000 -4.824385
0.680000 -4.840582
0.690000 -4.856832
0.700000 -4.873137
0.710000 -4.889495
0.720000 -4.905907
0.730000 -4.922372
0.740000 -4.938892
0.750000 -4.955465
0.760000 -4.972093
0.770000 -4.988774
0.780000 -5.005509
0.790000 -5.022298
0.800000 -5.039141
0.810000 -5.056038
0.820000 -5.072989
0.830000 -5.089994
0.840000 -5.107053
0.850000 -5.124166
0.860000 -5.141334
0.870000 -5.158556
0.880000 -5.175832
0.890000 -5.193162
0.900000 -5.210546
0.910000 -5.227985
0.920000 -5.245479
0.930000 -5.263027
0.940000 -5.280629
0.950000 -5.298286
0.960000 -5.315997
0.970000 -5.333764
0.980000 -5.351585
0.990000 -5.369460
1.000000 -5.387391
1.010000 -5.405376
1.020000 -5.423417
1.030000 -5.441512
1.040000 -5.459662
1.050000 -5.477868
1.060000 -5.496128
1.070000 -5.514444
1.080000 -5.532815
1.090000 -5.551242
1.100000 -5.569723
1.110000 -5.588261
1.120000 -5.606853
1.130000 -5.625501
1.140000 -5.644205
1.150000 -5.662964
1.160000 -5.681779
1.170000 -5.700650
1.180000 -5.719577
1.190000 -5.738559
1.200000 -5.757597
1.210000 -5.776691
1.220000 -5.795841
1.230000 -5.815047
1.240000 -5.834309
1.250000 -5.853627
1.260000 -5.873001
1.270000 -5.892432
1.280000 -5.911918
1.290000 -5.931461
1.300000 -5.951060
1.310000 -5.970715
1.320000 -5.990426
1.330000 -6.010194
1.340000 -6.030018
1.350000 -6.049898
1.360000 -6.069834
1.370000 -6.089827
1.380000 -6.109876
1.390000 -6.129982
1.400000 -6.150143
1.410000 -6.170362
1.420000 -6.190636
1.430000 -6.210966
1.440000 -6.231353
1.450000 -6.251796
1.460000 -6.272296
1.470000 -6.292851
1.480000 -6.313463
1.490000 -6.334130
1.500000 -6.354854
