-1.500000 -6.000000
-1.490000 -5.960000
-1.480000 -5.920000
-1.470000 -5.880000
-1.460000 -5.840000
-1.450000 -5.800000
-1.440000 -5.760000
-1.430000 -5.720000
-1.420000 -5.680000
-1.410000 -5.640000
-1.400000 -5.600000
-1.390000 -5.560000
-1.380000 -5.520000
-1.370000 -5.480000
-1.360000 -5.440000
-1.350000 -5.400000
-1.340000 -5.360000
-1.330000 -5.320000
-1.320000 -5.280000
-1.310000 -5.240000
-1.300000 -5.200000
-1.290000 -5.159999
-1.280000 -5.120000
-1.270000 -5.079999
-1.260000 -5.039999
-1.250000 -4.999998
-1.240000 -4.959999
-1.230000 -4.919997
-1.220000 -4.879998
-1.210000 -4.839997
-1.200000 -4.799995
-1.190000 -4.759990
-1.180000 -4.719996
-1.170000 -4.679986
-1.160000 -4.639987
-1.150000 -4.599964
-1.140000 -4.559968
-1.130000 -4.519958
-1.120000 -4.479951
-1.110000 -4.439947
-1.100000 -4.398640
-1.090000 -4.359455
-1.080000 -4.319928
-1.070000 -4.279444
-1.060000 -4.239281
-1.050000 -4.198023
-1.040000 -4.158578
-1.030000 -4.118011
-1.020000 -4.077601
-1.010000 -4.033414
-1.000000 -3.999636
-0.990000 -3.991086
-0.980000 -3.997222
-0.970000 -3.994926
-0.960000 -4.003039
-0.950000 -4.010402
-0.940000 -4.010281
-0.930000 -4.020266
-0.920000 -4.024311
-0.910000 -4.031157
-0.900000 -4.034818
-0.890000 -4.038957
-0.880000 -4.048428
-0.870000 -4.054834
-0.860000 -4.058006
-0.850000 -4.071831
-0.840000 -4.072089
-0.830000 -4.089349
-0.820000 -4.090753
-0.810000 -4.089682
-0.800000 -4.100705
-0.790000 -4.106861
-0.780000 -4.124773
-0.770000 -4.129628
-0.760000 -4.139084
-0.750000 -4.149915
-0.740000 -4.147312
-0.730000 -4.158697
-0.720000 -4.159564
-0.710000 -4.178080
-0.700000 -4.191990
-0.690000 -4.205003
-0.680000 -4.209266
-0.670000 -4.226080
-0.660000 -4.225102
-0.650000 -4.232232
-0.640000 -4.253499
-0.630000 -4.266317
-0.620000 -4.250106
-0.610000 -4.282629
-0.600000 -4.295799
-0.590000 -4.306893
-0.580000 -4.313020
-0.570000 -4.333050
-0.560000 -4.323800
-0.550000 -4.346999
-0.540000 -4.332014
-0.530000 -4.372031
-0.520000 -4.386431
-0.510000 -4.393315
-0.500000 -4.371979
-0.490000 -4.425203
-0.480000 -4.430531
-0.470000 -4.448825
-0.460000 -4.459778
-0.450000 -4.470237
-0.440000 -4.485395
-0.430000 -4.449962
-0.420000 -4.509064
-0.410000 -4.521824
-0.400000 -4.535011
-0.390000 -4.549435
-0.380000 -4.562649
-0.370000 -4.575826
-0.360000 -4.587807
-0.350000 -4.602726
-0.340000 -4.616092
-0.330000 -4.629612
-0.320000 -4.642889
-0.310000 -4.656817
-0.300000 -4.670897
-0.290000 -4.684737
-0.280000 -4.698774
-0.270000 -4.712307
-0.260000 -4.726702
-0.250000 -4.741272
-0.240000 -4.755580
-0.230000 -4.770042
-0.220000 -4.784327
-0.210000 -4.799148
-0.200000 -4.813691
-0.190000 -4.828703
-0.180000 -4.843574
-0.170000 -4.858546
-0.160000 -4.873557
-0.150000 -4.888666
-0.140000 -4.903941
-0.130000 -4.919254
-0.120000 -4.934623
-0.110000 -4.950118
-0.100000 -4.965688
-0.090000 -4.981212
-0.080000 -4.997040
-0.070000 -5.012813
-0.060000 -5.028760
-0.050000 -5.044735
-0.040000 -5.060742
-0.030000 -5.076929
-0.020000 -5.093149
-0.010000 -5.109449
0.000000 -5.125829
0.010000 -5.142292
0.020000 -5.158833
0.030000 -5.175453
0.040000 -5.192156
0.050000 -5.208936
0.060000 -5.225795
0.070000 -5.242729
0.080000 -5.259746
0.090000 -5.276844
0.100000 -5.294017
0.110000 -5.311268
0.120000 -5.328589
0.130000 -5.346002
0.140000 -5.363484
0.150000 -5.381043
0.160000 -5.398680
0.170000 -5.416392
0.180000 -5.434182
0.190000 -5.452046
0.200000 -5.469987
0.210000 -5.487994
0.220000 -5.506097
0.230000 -5.524264
0.240000 -5.542507
0.250000 -5.560823
0.260000 -5.579201
0.270000 -5.597685
0.280000 -5.616227
0.290000 -5.634842
0.300000 -5.653534
0.310000 -5.672299
0.320000 -5.691138
0.330000 -5.710050
0.340000 -5.729031
0.350000 -5.748096
0.360000 -5.767229
0.370000 -5.786431
0.380000 -5.805718
0.390000 -5.825071
0.400000 -5.844497
0.410000 -5.863997
0.420000 -5.883569
0.430000 -5.903215
0.440000 -5.922933
0.450000 -5.942723
0.460000 -5.962587
0.470000 -5.982522
0.480000 -6.002530
0.490000 -6.022610
0.500000 -6.042763
0.510000 -6.062988
0.520000 -6.083269
0.530000 -6.103648
0.540000 -6.124095
0.550000 -6.144607
0.560000 -6.165193
0.570000 -6.185851
0.580000 -6.206581
0.590000 -6.227381
0.600000 -6.248254
0.610000 -6.269199
0.620000 -6.290215
0.630000 -6.311301
0.640000 -6.332465
0.650000 -6.353696
0.660000 -6.375001
0.670000 -6.396377
0.680000 -6.417822
0.690000 -6.439343
0.700000 -6.460921
0.710000 -6.482594
0.720000 -6.504332
0.730000 -6.526139
0.740000 -6.548018
0.750000 -6.569968
0.760000 -6.590948
0.770000 -6.614085
0.780000 -6.636253
0.790000 -6.658490
0.800000 -6.680804
0.810000 -6.703188
0.820000 -6.725643
0.830000 -6.748171
0.840000 -6.770772
0.850000 -6.793446
0.860000 -6.816190
0.870000 -6.839010
0.880000 -6.861899
0.890000 -6.884864
0.900000 -6.907901
0.910000 -6.931009
0.920000 -6.954193
0.930000 -6.977449
0.940000 -7.000777
0.950000 -7.024180
0.960000 -7.047650
0.970000 -7.071205
0.980000 -7.094829
0.990000 -7.118526
1.000000 -7.142296
1.010000 -7.166139
1.020000 -7.190059
1.030000 -7.214046
1.040000 -7.238119
1.050000 -7.262261
1.060000 -7.286478
1.070000 -7.310769
1.080000 -7.335135
1.090000 -7.359575
1.100000 -7.384092
1.110000 -7.408680
1.120000 -7.433349
1.130000 -7.458092
1.140000 -7.482888
1.150000 -7.507803
1.160000 -7.532771
1.170000 -7.557812
1.180000 -7.582940
1.190000 -7.608139
1.200000 -7.633413
1.210000 -7.658764
1.220000 -7.684178
1.230000 -7.709673
1.240000 -7.735276
1.250000 -7.760908
1.260000 -7.786644
1.270000 -7.812475
1.280000 -7.838371
1.290000 -7.864340
1.300000 -7.890381
1.310000 -7.916513
1.320000 -7.942711
1.330000 -7.968994
1.340000 -7.995171
1.350000 -8.021782
1.360000 -8.048280
1.370000 -8.074894
1.380000 -8.101565
1.390000 -8.128313
1.400000 -8.155111
1.410000 -8.182049
1.420000 -8.209031
1.430000 -8.236096
1.440000 -8.263243
1.450000 -8.290395
1.460000 -8.317768
1.470000 -8.345149
1.480000 -8.372605
1.490000 -8.400144
1.500000 -8.427763
